function b = bed_schoof(x,params)
    b = 729 -2184.8.*(x./750000).^2 + 1031.72.*(x./750000).^4 - 151.72.*(x./750000).^6;
